04100412100000000004121002121000000000000000000000000000000000000000000
610410214121000000000214121021212100000000000000000000000000000000000000000
061041021412100000000021412102121210000000000000000000000000000000000000000
00610002141000000000021410021210000000000000000000000000000000000000000
614100041004121000000212100412100212100000000000000000000000000000000000000
416141061041021412100000212121021412102121210000000000000000000000000000000000000
041614106104102141210000021212102141210212121000000000000000000000000000000000000
004161006100021410000002121002141002121000000000000000000000000000000000000
000061410004100412100000021210041210021210000000000000000000000000000000000
000041614106104102141210000021212102141210212121000000000000000000000000000000000
000004161410610410214121000002121210214121021212100000000000000000000000000000000
000000416100610002141000000212100214100212100000000000000000000000000000000
00000000614100041000000000021210041210000000000000000000000000000000000
000000004161410610410000000002121210214121000000000000000000000000000000000
000000000416141061041000000000212121021412100000000000000000000000000000000
00000000004161006100000000000212100214100000000000000000000000000000000
614100414100000000000410041210000000000412100212100000000000000000000000000
416141041414100000000061041021412100000000021412102121210000000000000000000000000
041614104141410000000006104102141210000000002141210212121000000000000000000000000
004161004141000000000061000214100000000002141002121000000000000000000000000
414100614100414100000061410004100412100000021210041210021210000000000000000000000
414141041614104141410000041614106104102141210000021212102141210212121000000000000000000000
041414104161410414141000004161410610410214121000002121210214121021212100000000000000000000
004141004161004141000000416100610002141000000212100214100212100000000000000000000
000041410061410041410000006141000410041210000002121004121002121000000000000000000
000041414104161410414141000004161410610410214121000002121210214121021212100000000000000000
000004141410416141041414100000416141061041021412100000212121021412102121210000000000000000
000000414100416100414100000041610061000214100000021210021410021210000000000000000
000000004141006141000000000061410004100000000002121004121000000000000000000
000000004141410416141000000000416141061041000000000212121021412100000000000000000
000000000414141041614100000000041614106104100000000021212102141210000000000000000
000000000041410041610000000000416100610000000000021210021410000000000000000
000000000000000061410041410000000000041004121000000000041210021210000000000
000000000000000041614104141410000000006104102141210000000002141210212121000000000
000000000000000004161410414141000000000610410214121000000000214121021212100000000
000000000000000000416100414100000000006100021410000000000214100212100000000
000000000000000041410061410041410000006141000410041210000002121004121002121000000
000000000000000041414104161410414141000004161410610410214121000002121210214121021212100000
000000000000000004141410416141041414100000416141061041021412100000212121021412102121210000
000000000000000000414100416100414100000041610061000214100000021210021410021210000
000000000000000000004141006141004141000000614100041004121000000212100412100212100
000000000000000000004141410416141041414100000416141061041021412100000212121021412102121210
000000000000000000000414141041614104141410000041614106104102141210000021212102141210212121
000000000000000000000041410041610041410000004161006100021410000002121002141002121
000000000000000000000000414100614100000000006141000410000000000212100412100
000000000000000000000000414141041614100000000041614106104100000000021212102141210
000000000000000000000000041414104161410000000004161410610410000000002121210214121
000000000000000000000000004141004161000000000041610061000000000002121002141
00000000000000000000000000000000614100414100000000000410041210000000000
000000000000000000000000000000004161410414141000000000610410214121000000000
000000000000000000000000000000000416141041414100000000061041021412100000000
00000000000000000000000000000000004161004141000000000061000214100000000
000000000000000000000000000000004141006141004141000000614100041004121000000
000000000000000000000000000000004141410416141041414100000416141061041021412100000
000000000000000000000000000000000414141041614104141410000041614106104102141210000
000000000000000000000000000000000041410041610041410000004161006100021410000
000000000000000000000000000000000000414100614100414100000061410004100412100
000000000000000000000000000000000000414141041614104141410000041614106104102141210
000000000000000000000000000000000000041414104161410414141000004161410610410214121
000000000000000000000000000000000000004141004161004141000000416100610002141
00000000000000000000000000000000000000004141006141000000000061410004100
000000000000000000000000000000000000000041414104161410000000004161410610410
000000000000000000000000000000000000000004141410416141000000000416141061041
00000000000000000000000000000000000000000041410041610000000000416100610
